[<tf.Variable 'dense/kernel:0' shape=(11, 3) dtype=float32, numpy=
array([[-0.10958534, -0.30299777, -0.02660096],
       [-0.17731774,  0.59535706,  0.5785366 ],
       [ 0.15035295, -0.18536985,  0.12255436],
       [-0.37248358, -0.5532456 ,  0.10371435],
       [-0.2725926 , -0.30483252, -0.17004684],
       [ 0.28294563, -0.05397272, -0.5006194 ],
       [-0.37873402,  0.05786788,  0.6413077 ],
       [-0.15193391, -0.5933314 ,  0.486861  ],
       [-0.31578258,  0.4885484 ,  0.19244766],
       [-0.1049903 , -0.33847857, -0.52961403],
       [ 0.6311934 , -0.44906518, -0.26216495]], dtype=float32)>, <tf.Variable 'dense/bias:0' shape=(3,) dtype=float32, numpy=array([0., 0., 0.], dtype=float32)>, <tf.Variable 'dense_1/kernel:0' shape=(3, 8) dtype=float32, numpy=
array([[-0.68349385,  0.12362683,  0.38771254,  0.30227083, -0.47297567,
        -0.59272254,  0.55751246, -0.2985793 ],
       [ 0.53959733, -0.6122386 , -0.08006954,  0.5848052 ,  0.67598456,
         0.34773725,  0.38049644,  0.68316656],
       [ 0.5144145 , -0.6991724 , -0.726297  , -0.26902503,  0.15429765,
         0.38740212, -0.03436154, -0.31280774]], dtype=float32)>, <tf.Variable 'dense_1/bias:0' shape=(8,) dtype=float32, numpy=array([0., 0., 0., 0., 0., 0., 0., 0.], dtype=float32)>, <tf.Variable 'dense_2/kernel:0' shape=(8, 10) dtype=float32, numpy=
array([[ 0.12563765, -0.17565167, -0.24485612, -0.23676857,  0.29692775,
         0.5524564 , -0.2607741 , -0.24242768, -0.20012173, -0.5509075 ],
       [ 0.04637355, -0.13249505,  0.48209286,  0.02851593, -0.06833094,
         0.26671302, -0.23884752,  0.379202  , -0.30229542,  0.07336783],
       [ 0.02861834,  0.5168965 ,  0.34231496, -0.14588365, -0.44197735,
         0.42429817,  0.43066382, -0.10632977, -0.27740356, -0.21533838],
       [ 0.06314206,  0.3084988 , -0.2302917 ,  0.44607568, -0.18786848,
        -0.39770603,  0.37618238,  0.1280613 , -0.40610617, -0.5155309 ],
       [-0.26188192,  0.26660556,  0.16019279,  0.5638555 , -0.19723052,
         0.17616951,  0.47796416, -0.06095284, -0.3274159 ,  0.49186826],
       [-0.4545643 ,  0.4253633 ,  0.06370658,  0.45568216,  0.4620607 ,
         0.12768674,  0.5245894 , -0.02244526, -0.46255386,  0.35682273],
       [-0.56613433,  0.23537433,  0.46813226, -0.4749569 , -0.40638864,
        -0.08864039, -0.28574523, -0.2608593 ,  0.5376053 ,  0.18345302],
       [-0.2758949 ,  0.34422642,  0.31576043,  0.49194884, -0.37338722,
         0.04167438,  0.1639421 , -0.3055225 , -0.19876257,  0.19622129]],
      dtype=float32)>, <tf.Variable 'dense_2/bias:0' shape=(10,) dtype=float32, numpy=array([0., 0., 0., 0., 0., 0., 0., 0., 0., 0.], dtype=float32)>, <tf.Variable 'dense_3/kernel:0' shape=(10, 12) dtype=float32, numpy=
array([[-0.5007089 , -0.05227292, -0.14554226,  0.10918075, -0.3690333 ,
         0.0981282 , -0.13645342, -0.2198008 ,  0.5151319 ,  0.2756493 ,
        -0.4654774 , -0.24155968],
       [ 0.17683762, -0.16064909,  0.03842515,  0.38286638,  0.32414383,
        -0.44260454, -0.08735836, -0.48451486,  0.4260248 ,  0.41467273,
        -0.29328078,  0.4780442 ],
       [-0.45844048,  0.00722146,  0.14518678, -0.00880724,  0.3298409 ,
        -0.44420153,  0.28912324, -0.41867396,  0.48022443, -0.4017524 ,
        -0.12528998,  0.1163711 ],
       [ 0.2312541 , -0.22453567, -0.37238836,  0.21280509, -0.11967495,
        -0.24088809, -0.13160762,  0.19387507, -0.3632843 , -0.13378242,
         0.04915583,  0.3317483 ],
       [-0.51441145, -0.33277735,  0.11225492,  0.27263117, -0.22403315,
        -0.02761906,  0.450931  , -0.02055275, -0.27480075, -0.28694707,
        -0.21748617,  0.5157061 ],
       [ 0.16766673,  0.36409116, -0.23329136, -0.48766536,  0.38583654,
         0.46520585, -0.46040848, -0.4612411 , -0.21993577, -0.17171776,
        -0.4667798 , -0.4675647 ],
       [-0.43556738, -0.36463314,  0.2989375 , -0.326833  , -0.42085278,
         0.21043116,  0.19490188, -0.42769572, -0.06230545,  0.16151702,
         0.37768602, -0.0197503 ],
       [ 0.12246817, -0.4952017 ,  0.50155157, -0.30989116,  0.0012573 ,
        -0.11184028, -0.14295906,  0.46247882,  0.15746099, -0.06440294,
         0.18996668, -0.05404693],
       [ 0.21107364,  0.2683379 ,  0.47042722,  0.37431854, -0.02775392,
        -0.44902155, -0.19725364,  0.45679522,  0.2675525 ,  0.48817736,
         0.4540301 , -0.36156845],
       [ 0.07819939, -0.33753926,  0.2283513 ,  0.0852955 ,  0.4853925 ,
        -0.40360925, -0.26597163,  0.38303804, -0.3179924 ,  0.07354748,
        -0.29241344, -0.45726585]], dtype=float32)>, <tf.Variable 'dense_3/bias:0' shape=(12,) dtype=float32, numpy=array([0., 0., 0., 0., 0., 0., 0., 0., 0., 0., 0., 0.], dtype=float32)>, <tf.Variable 'dense_4/kernel:0' shape=(12, 10) dtype=float32, numpy=
array([[ 0.36055392,  0.51557   , -0.48930153,  0.48956543,  0.10124969,
        -0.05937997, -0.07329395,  0.05131871, -0.10141093, -0.01346761],
       [ 0.4802851 , -0.40266073,  0.42224628,  0.14146143, -0.32547608,
         0.07480204,  0.42505163,  0.26924527, -0.13616693,  0.43458784],
       [ 0.0826723 , -0.3422131 , -0.3953393 ,  0.37715673,  0.51145965,
        -0.23449051, -0.16147819,  0.06034178,  0.2912894 ,  0.37236905],
       [-0.5110269 ,  0.16979533,  0.33426988,  0.3467329 , -0.5027952 ,
         0.22486341,  0.2377888 ,  0.16433346,  0.10031313, -0.392873  ],
       [ 0.04591209, -0.07439002, -0.35662228, -0.1964868 ,  0.2993195 ,
         0.31043816, -0.20165074,  0.45177883,  0.40902418,  0.43055397],
       [ 0.39241755, -0.19308269,  0.39489567, -0.4498503 ,  0.44644803,
        -0.33034045, -0.52121854,  0.18967497,  0.37090057,  0.12783784],
       [-0.10439184,  0.3770463 ,  0.33799112, -0.3495217 , -0.1510598 ,
         0.13320756,  0.18726796,  0.06201333,  0.41433054,  0.19726187],
       [ 0.23508078,  0.25517052, -0.30088735, -0.4989508 ,  0.40801328,
        -0.12884423, -0.06078318, -0.510161  ,  0.5016498 ,  0.12643695],
       [ 0.38314217, -0.29293627,  0.4555139 ,  0.10709149, -0.29972753,
        -0.3619239 ,  0.38155812,  0.38486838, -0.00612104,  0.42599726],
       [ 0.01757735,  0.44216293,  0.15151155,  0.35260534, -0.40175182,
         0.1471371 ,  0.06742692,  0.09230691, -0.25283843,  0.39840114],
       [-0.35909742, -0.07501382, -0.27873105,  0.00553185, -0.48889676,
        -0.10910267,  0.19844973, -0.06623599,  0.46521842,  0.46091998],
       [ 0.26498997, -0.06074893, -0.34642553,  0.431782  ,  0.3496272 ,
         0.32494545, -0.04143369,  0.22131199,  0.03101796,  0.00420606]],
      dtype=float32)>, <tf.Variable 'dense_4/bias:0' shape=(10,) dtype=float32, numpy=array([0., 0., 0., 0., 0., 0., 0., 0., 0., 0.], dtype=float32)>]





      